camera_matrix:
  rows: 3
  cols: 3
  data: [692.292114258, 0, 642.43371582, 0, 692.323120117, 360.440887451, 0, 0, 1]
distortion_coefficients:
  rows: 1
  cols: 5
  data: [0.00792460236698, -0.0510365366936, -0.000455544766737, 4.85807722725e-05, 0.0342025235295]
